,NAME,FECHA,LAYER,TIPO_FORES,SUP_m2,Alt Dom,AB,Vol m3/ha ñire,Vol m3/ha total,AGB,manejo,C11,C12r,C12i,C13r,C13i,C22,C23r,C23i,C33,ang,C11_std,C12r_std,C12i_std,C13r_std,C13i_std,C22_std,C23r_std,C23i_std,C33_std,ang_std,LIA,PLIA,IAE,Nr Pix,C11_corr,C12r_corr,C12i_corr,C13r_corr,C13i_corr,C22_corr,C23r_corr,C23i_corr,C33_corr,C11_corr_dB,C22_corr_dB,C33_corr_dB,C,T
0,CENTRO13,2018/11/26,parcela 13_14,ÑIRE,200,5.3,8.0,26.0,26.0,26.91,TESTIGO,0.1287,0.0019,0.0014,0.0464,0.041,0.0548,-0.0031,0.0016,0.0917,18.28,0.035,0.0147,0.0066,0.0189,0.0119,0.0069,0.0064,0.005,0.0195,0.5114,18.28,18.2,27.51,3,0.10382968226974858,0.0015328391321874303,0.001129460413190738,0.03743354512289303,0.033077054957728766,0.04421030760203747,-0.0025009480577794915,0.001290811900789415,0.07397965706399334,-9.836784749730736,-13.54476463393091,-11.308876862074392,"[[0.10382968+0.j 0.06811278+0.j 0.06644707+0.j]
 [0.03698323+0.j 0.11861774+0.j 0.0626036 +0.j]
 [0.06987047+0.j 0.08210792+0.j 0.11578838+0.j]]","[[ 0.35251219+0.j -0.0119587 +0.j  0.21244415+0.j]
 [-0.0119587 -0.j  0.08672393+0.j -0.01979213+0.j]
 [ 0.21244415-0.j -0.01979213-0.j  0.23723548+0.j]]"
1,CENTRO14,2018/11/26,parcela 13_14,ÑIRE,200,4.2,11.0,30.0,30.0,31.05,RALEO,0.0803,0.0094,0.0062,0.0366,-0.0103,0.0384,0.0024,-0.0076,0.0841,25.43,0.0054,0.0059,0.0029,0.0103,0.0005,0.0138,0.0106,0.0006,0.0047,0.4468,25.43,24.12,27.51,2,0.06811277622428791,0.007973351139580405,0.005259018836744521,0.0310451757136854,-0.008736757099752995,0.03257198763403058,0.0020357492271269114,-0.00644653921923522,0.07133604583390553,-11.667714178481098,-14.871557387592599,-11.466909673288788,"[[0.09876386+0.j 0.2006964 +0.j 0.05694268+0.j]
 [0.17091481+0.j 0.14210739+0.j 0.09916076+0.j]
 [0.10042416+0.j 0.06523752+0.j 0.11179997+0.j]]","[[ 0.32444918+0.j -0.01303611+0.j  0.37608735+0.j]
 [-0.01303611-0.j  0.09667846+0.j  0.19156779+0.j]
 [ 0.37608735-0.j  0.19156779-0.j  0.28421477+0.j]]"
2,CENTRO16,2018/11/27,parcela 15_16,ÑIRE,200,4.0,9.0,22.0,22.0,22.77,RALEO,0.0776,0.0083,-0.0071,0.0347,0.0004,0.0695,-0.0168,0.0081,0.0556,26.54,0.0103,0.0059,0.0078,0.0054,0.0038,0.0028,0.0052,0.002,0.004,0.1097,26.54,24.31,27.51,3,0.06644706518099466,0.007107095889204326,-0.006079563953415749,0.029712798476553025,0.0003425106452628591,0.059511224614421765,-0.01438544710104008,0.006935840566572896,0.04760897969153741,-11.775241961184888,-12.254011127865635,-13.223111257946199,"[[0.08062331+0.j 0.13687149+0.j 0.10920655+0.j]
 [0.11665971+0.j 0.09949109+0.j 0.12489605+0.j]
 [0.08908288+0.j 0.13212687+0.j 0.08747304+0.j]]","[[ 0.38650945+0.j -0.00684973+0.j  0.38042113+0.j]
 [-0.00684973-0.j -0.05031675+0.j  0.0067099 +0.j]
 [ 0.38042113-0.j  0.0067099 -0.j  0.19898217+0.j]]"
3,CENTRO15,2018/11/27,parcela 15_16,ÑIRE,200,4.6,7.0,21.0,21.0,21.735,TESTIGO,0.0446,0.0035,0.0052,0.0217,-0.0046,0.0394,0.0027,-0.0006,0.0582,22.51,0.0017,0.0048,0.0014,0.0017,0.0,0.0173,0.0019,0.0051,0.0011,0.4337,22.51,21.18,27.51,2,0.03698323387745398,0.0029022717168405592,0.004311946550734545,0.017994084644411466,-0.003814414256419021,0.032671287326719436,0.0022388953244198598,-0.0004975322943155244,0.048260632548605874,-14.319951160614417,-14.858337529480094,-13.16406990123695,"[[0.09107459+0.j 0.11392031+0.j 0.08667258+0.j]
 [0.07994822+0.j 0.1110315 +0.j 0.0424117 +0.j]
 [0.06351692+0.j 0.06676373+0.j 0.14902827+0.j]]","[[ 0.41344801+0.j -0.05795367+0.j  0.25552583+0.j]
 [-0.05795367-0.j  0.0667577 +0.j  0.06668948+0.j]
 [ 0.25552583-0.j  0.06668948-0.j  0.222063  +0.j]]"
4,CENTRO17,2019/01/21,parcela 17_18,ÑIRE,200,4.0,20.0,58.0,58.0,60.03,RALEO,0.1356,0.0039,0.0316,0.079,-0.0325,0.0793,-0.0017,-0.0225,0.1447,28.87,0.0254,0.0094,0.0165,0.0397,0.0158,0.0169,0.0122,0.0191,0.0514,0.0221,28.87,26.85,27.52,3,0.11861774151656555,0.0034115722117596284,0.02764248253630879,0.06910620634077197,-0.02842976843133024,0.06936863497244578,-0.0014870955794849662,-0.019682147375536314,0.126578076677338,-9.258503491968895,-11.588368514103305,-8.976415076088967,"[[0.11882953+0.j 0.10064832+0.j 0.09069558+0.j]
 [0.08433718+0.j 0.11589273+0.j 0.09474635+0.j]
 [0.07815026+0.j 0.118408  +0.j 0.09122686+0.j]]","[[ 0.39144755+0.j  0.02760266+0.j  0.30979242+0.j]
 [ 0.02760266-0.j  0.02866523+0.j -0.02511599+0.j]
 [ 0.30979242-0.j -0.02511599-0.j  0.23178545+0.j]]"
5,CENTRO31,2019/03/20,parcela 31_32,ÑIRE,200,6.3,24.0,92.0,116.0,120.06,,0.0759,-0.0072,0.005,0.0313,-0.0042,0.0521,-0.0077,-0.0096,0.0636,21.76,0.0209,0.0054,0.0042,0.0139,0.012,0.0061,0.0027,0.0064,0.0112,0.8289,21.76,21.74,27.57,3,0.06260360134486284,-0.005938681550500823,0.004124084410070017,0.025816768407038306,-0.003464230904458814,0.042972959552929575,-0.006351089991507825,-0.00791824206733443,0.052458353696090615,-12.034006827765708,-13.668047353725266,-12.801853430236372,"[[0.18384589+0.j 0.10085589+0.j 0.12028092+0.j]
 [0.05701039+0.j 0.06861895+0.j 0.0690037 +0.j]
 [0.07728306+0.j 0.121703  +0.j 0.05754373+0.j]]","[[ 0.48195146+0.j  0.12630216+0.j  0.3147458 +0.j]
 [ 0.12630216-0.j  0.00082778+0.j -0.02948227+0.j]
 [ 0.3147458 -0.j -0.02948227-0.j  0.13723791+0.j]]"
6,CENTRO39,2019/04/08,Parcela 39_40,ÑIRE,200,2.9,9.0,20.0,20.0,20.7,,0.0715,-0.017,-0.0085,0.0175,-0.0006,0.0352,0.0024,-0.0012,0.0618,38.38,0.0093,0.0032,0.0047,0.0055,0.0028,0.0067,0.005,0.0022,0.003,0.3136,38.38,38.15,27.54,3,0.06987047178775324,-0.016612559725759514,-0.008306279862879757,0.01710116442357597,-0.0005863256373797475,0.034397770726278525,0.00234530254951899,-0.001172651274759495,0.06039154065011399,-11.557063242406318,-14.634697025635814,-12.190238909528965,"[[ 0.00153284+0.00112946j  0.00797335+0.00525902j  0.0071071 -0.00607956j]
 [ 0.00290227+0.00431195j  0.00341157+0.02764248j -0.00593868+0.00412408j]
 [-0.01661256-0.00830628j -0.01336873-0.00638506j  0.00710462+0.01319429j]]","[[ 0.02285165+1.43237537e-02j -0.00557178+9.42950448e-05j
  -0.00763021-1.59246747e-03j]
 [-0.00557178-9.42950448e-05j -0.00557673+1.43237537e-02j
   0.03018226+1.64672190e-02j]
 [-0.00763021+1.59246747e-03j  0.03018226-1.64672190e-02j
   0.00682314+5.52849651e-02j]]"
7,CENTRO40,2019/04/08,Parcela 39_40,ÑIRE,200,2.4,4.0,8.0,8.0,8.28,,0.0823,-0.0134,-0.0064,0.0265,-0.0021,0.0681,0.012,-0.0063,0.0837,39.84,0.0083,0.0027,0.0036,0.0087,0.0096,0.0258,0.0041,0.0042,0.0091,0.2437,39.84,39.54,27.54,4,0.0821079244344105,-0.013368726457121517,-0.006385063382505799,0.026438153068188072,-0.002095098922384715,0.06794106505447575,0.011971993842198372,-0.006285296767154145,0.08350465704933364,-10.856149260467499,-11.678676493462346,-10.782893032657597,"[[-0.01694716-0.00835195j -0.00572976-0.0278745j  -0.00747322+0.00536122j]
 [-0.02609872-0.01957404j -0.02599114-0.01493647j -0.0162901 +0.00910575j]
 [ 0.01775592+0.00974511j -0.00230854-0.00726761j  0.02599806+0.01038261j]]","[[-0.00589554+0.00203066j -0.04294522-0.02945701j -0.01136786-0.04969845j]
 [-0.04294522+0.02945701j  0.02399733+0.00203066j -0.00483834-0.02914254j]
 [-0.01136786+0.04969845j -0.00483834+0.02914254j -0.05198227-0.02987293j]]"
8,CENTRO12,2018/07/20,parcela 11_12,ÑIRE,200,7.2,20.0,86.0,90.0,93.15,TESTIGO,0.1369,0.0084,0.0156,0.055,-0.0011,0.0703,0.0094,-0.0084,0.0969,25.08,0.0318,0.0046,0.0154,0.0178,0.0104,0.0245,0.0109,0.0107,0.0228,0.6132,25.08,24.23,27.43,4,0.11578838137014552,0.007104619455874524,0.013194293275195544,0.04651834167536891,-0.0009303668335073782,0.059458898541426074,0.007950407486335777,-0.007104619455874524,0.0819568601516954,-9.363350171196965,-12.257831402338626,-10.864146882029214,"[[ 0.01861889-8.78249567e-05j -0.01045424-1.05420913e-02j
  -0.00859218+2.57765266e-04j]
 [-0.00709812-1.36951982e-02j -0.03439943+3.84514946e-02j
  -0.02541138+2.41148770e-02j]
 [ 0.00080984+2.95593195e-02j  0.03668347+4.74727203e-02j
   0.00901874+1.61987113e-02j]]","[[ 0.01045328+0.01611089j  0.00960015-0.01680207j  0.03709373+0.0522278j ]
 [ 0.00960015+0.01680207j  0.04482198+0.01611089j -0.06666278-0.08204533j]
 [ 0.03709373-0.0522278j  -0.06666278+0.08204533j -0.06879886+0.07690299j]]"
9,CENTRO11,2018/11/20,parcela 11_12,ÑIRE,200,8.3,19.0,86.0,89.0,92.115,RALEO,0.1218,-0.0209,-0.0103,0.0007,-0.0042,0.0911,0.0203,-0.01,0.0692,19.14,0.0125,0.006,0.0131,0.0086,0.0022,0.0056,0.0032,0.0062,0.0095,0.3882,19.14,19.11,27.43,3,0.09876385532062416,-0.01694716400821876,-0.00835195164041403,0.0005676083639116331,-0.0034056501834697985,0.07387017421764253,0.01646064255343736,-0.00810869091302333,0.05611214111812145,-10.054019654007678,-11.315308767246261,-12.509431592408667,"[[ 8.29572665e-03-0.00338965j -5.82314058e-03+0.00582314j
  -7.56534823e-03-0.00592071j]
 [ 7.79982597e-03-0.01390404j  2.48791244e-02+0.01773478j
   9.63902208e-05-0.01156683j]
 [-1.73878845e-03+0.00368214j  1.04877890e-02-0.0023022j
  -1.22759458e-02-0.01665408j]]","[[-0.01911092-0.02004373j  0.02057167+0.02510584j  0.00659681+0.00497937j]
 [ 0.02057167-0.02510584j  0.01115048-0.02004373j -0.02306714+0.01149096j]
 [ 0.00659681-0.00497937j -0.02306714-0.01149096j  0.04975825+0.03546956j]]"
10,CENTRO19,2018/12/01,parcela 19_20,ÑIRE,200,9.0,11.0,60.0,60.0,62.1,TESTIGO,0.2592,-0.0074,-0.036,0.0512,0.0111,0.1038,-0.0349,0.004,0.2567,8.37,0.0216,0.0175,0.0114,0.0088,0.0084,0.0162,0.006,0.0114,0.0264,1.9847,8.37,6.18,27.41,4,0.2006963999817272,-0.005729758332811656,-0.02787449999746211,0.0396437333297239,0.008594637499217486,0.08037147499268243,-0.027022779164206326,0.0030971666663846794,0.1987606708152368,-6.974604176574721,-10.948980613435888,-7.016695461845845,"[[ 0.00731129-0.02630385j -0.0048008 -0.00075802j  0.0004195 +0.00973237j]
 [ 0.00601199+0.01083851j  0.01786221+0.00296293j  0.02137262+0.0057218j ]
 [-0.00530801+0.00073496j -0.00735296-0.0010142j   0.01541984+0.00964817j]]","[[ 0.02357013-0.01665568j -0.00810854-0.05541675j -0.01718801-0.0025063j ]
 [-0.00810854+0.05541675j  0.02189213-0.01665568j  0.0036093 +0.00036229j]
 [-0.01718801+0.0025063j   0.0036093 -0.00036229j  0.03572442+0.00592585j]]"
11,CENTRO20,2018/12/01,parcela 19_20,ÑIRE,200,10.2,18.0,121.0,121.0,125.235,RALEO,0.0701,-0.0092,0.0066,0.026,0.0091,0.0571,-0.0181,-0.0105,0.0807,19.43,0.0181,0.0035,0.0071,0.0111,0.0006,0.0271,0.0021,0.0055,0.0113,1.5568,19.43,15.03,27.41,3,0.05694268028366782,-0.007473219095716747,0.005361222394753318,0.021119967009634283,0.007391988453372,0.04638269677885068,-0.014702746264399253,-0.008529217446198462,0.06555312837221103,-12.445620945299309,-13.336440042507416,-11.834065777745192,"[[-0.01781322+0.02638373j  0.00507502-0.0041889j  -0.00205538+0.00534399j]
 [-0.01286806+0.00879589j -0.00041387-0.00148992j  0.00716705+0.0030835j ]
 [ 0.01308893+0.00391834j -0.00310511-0.00017251j -0.00876215+0.00564485j]]","[[-0.03068613+0.03202858j -0.00905107+0.0100509j   0.00278587-0.00616796j]
 [-0.00905107-0.0100509j  -0.02246461+0.03202858j  0.01156844-0.00568004j]
 [ 0.00278587+0.00616796j  0.01156844+0.00568004j -0.00082773-0.00297983j]]"
12,CENTRO1,2018/10/05,parcela 1_2,ÑIRE,200,8.4,32.4,102.1,111.6,115.506,TESTIGO,0.2148,-0.0328,-0.0246,0.0523,-0.0085,0.0753,-0.0146,0.0179,0.0961,15.69,0.0085,0.007,0.0028,0.0077,0.0058,0.0087,0.0054,0.0053,0.0087,0.5058,15.69,15.52,27.45,3,0.17091480987211072,-0.026098723295182646,-0.01957404247138698,0.04161473257128208,-0.006763388658812575,0.05991566658924552,-0.011617114637489835,0.014242900822675892,0.07646607648375159,-7.672203037680539,-12.224596045948712,-11.165311931270265,"[[0.03743355+0.03307705j 0.03104518-0.00873676j 0.0297128 +0.00034251j]
 [0.01799408-0.00381441j 0.06910621-0.02842977j 0.02581677-0.00346423j]
 [0.01710116-0.00058633j 0.02643815-0.0020951j  0.04651834-0.00093037j]]","[[ 0.14337748+0.03214669j -0.0090848 +0.0333224j   0.0812937 -0.01531856j]
 [-0.0090848 -0.0333224j   0.02452629+0.03214669j  0.00651531-0.00939272j]
 [ 0.0812937 +0.01531856j  0.00651531+0.00939272j  0.13821241-0.05685954j]]"
13,CENTRO2,2018/10/05,parcela 1_2,ÑIRE,200,9.8,44.0,225.0,234.0,242.19,RALEO,0.1684,-0.0308,-0.0177,0.0262,-0.0101,0.0796,-0.0125,0.0114,0.1054,24.8,0.0044,0.0054,0.0058,0.0115,0.0047,0.0041,0.0031,0.0086,0.0166,1.9798,24.8,24.45,27.45,4,0.1421073856444648,-0.02599113704186173,-0.014936465118212746,0.022109343847297964,-0.008523067666324788,0.06717189962766862,-0.010548351072184143,0.009620096177831938,0.08894369624065669,-8.473833502126906,-11.728123696386524,-10.508848264997937,"[[0.00056761-0.00340565j 0.03964373+0.00859464j 0.02111997+0.00739199j]
 [0.04161473-0.00676339j 0.02210934-0.00852307j 0.03458514-0.00133662j]
 [0.01800367+0.j         0.01085867+0.01060217j 0.02317399-0.00016612j]]","[[ 0.06598153-0.00357177j -0.02260638-0.01802351j  0.07142118+0.02714838j]
 [-0.02260638+0.01802351j -0.01849834-0.00357177j  0.04070823-0.00283907j]
 [ 0.07142118-0.02714838j  0.04070823+0.00283907j  0.04421869-0.01704614j]]"
14,CENTRO21,2018/12/11,parcela 21_22,ÑIRE,200,10.0,16.0,93.0,93.0,96.255,TESTIGO,0.1187,-0.0195,0.0109,0.0414,-0.0016,0.0912,-0.0213,-0.0045,0.078,23.51,0.0075,0.0057,0.0084,0.0133,0.0037,0.0107,0.0055,0.0013,0.024,0.1523,23.51,23.12,27.4,2,0.09916076427366459,-0.01629010028084633,0.009105748362114105,0.03458513598087375,-0.0013366236127873915,0.0761875459288813,-0.01779380184523215,-0.0037592539109645375,0.06516040112338532,-10.03660134601311,-11.18116015227486,-11.86016250865422,"[[0.04215598-0.00553297j 0.07818718-0.02310475j 0.04287496+0.0067019j ]
 [0.04292276+0.00534447j 0.02000167+0.00250021j 0.05402078+0.00639606j]
 [0.02437632-0.02769668j 0.06913422-0.00265582j 0.04605688-0.01724944j]]","[[ 0.17396277-0.02278241j -0.0039009 -0.00168733j  0.20834392-0.03643094j]
 [-0.0039009 +0.00168733j  0.00246294-0.02278241j  0.01280281-0.02891916j]
 [ 0.20834392+0.03643094j  0.01280281+0.02891916j  0.04000335+0.00500042j]]"
15,CENTRO22,2018/12/11,parcela 21_22,ÑIRE,200,9.8,26.0,141.0,141.0,145.935,RALEO,0.1216,0.0215,0.0118,0.0218,0.0,0.0887,0.0161,-0.0025,0.102,21.94,0.0051,0.0093,0.0099,0.0077,0.0081,0.0021,0.0076,0.0059,0.024,1.2976,21.94,21.84,27.4,4,0.1004241605185386,0.01775591653905082,0.00974510768189766,0.018003673514014322,0.0,0.07325347893087478,0.013296290989707823,-0.0020646414580291652,0.08423737148758993,-9.981617900039602,-11.3517174510895,-10.744951931787588,"[[ 0.0392486 -0.00954455j  0.04322247+0.01525499j  0.03996477+0.00986785j]
 [ 0.01661702+0.01271711j  0.00832106-0.00302584j -0.00375922+0.00269893j]
 [ 0.02771833+0.00040913j  0.02899064+0.003837j    0.04086259-0.0110741j ]]","[[ 0.16004074-0.02061865j -0.00161399-0.01820613j  0.10212475+0.02700014j]
 [-0.00161399+0.01820613j  0.00018164-0.02061865j  0.02012685+0.01614748j]
 [ 0.10212475-0.02700014j  0.02012685-0.01614748j  0.01664212-0.00605168j]]"
16,CENTRO24,2019/10/19,parcela 23_24,ÑIRE,200,10.2,31.0,177.5,235.7,243.9495,RALEO,0.0763,-0.0027,-0.0085,0.0127,0.0124,0.0446,0.0146,-0.0115,0.1185,26.37,0.0046,0.0048,0.0057,0.0082,0.0065,0.0083,0.0095,0.0032,0.0133,0.4072,26.37,24.89,27.39,4,0.06523751684398965,-0.002308535982683775,-0.007267613278819292,0.010858669251882941,0.010602165253806967,0.038133594380628286,0.012483194573030784,-0.00983265325957904,0.10131907924001012,-11.855025780038781,-14.18692257246617,-9.943087656126362,"[[0.03571609+0.01193338j 0.05811493-0.01532886j 0.04320835+0.00687978j]
 [0.02379392-0.00643537j 0.04732216+0.00685706j 0.03281623-0.01935316j]
 [0.02164035-0.00563466j 0.04175129+0.02789054j 0.03273485-0.00206746j]]","[[ 0.15486764+0.00986591j  0.00298124+0.00024129j  0.14123215+0.01776489j]
 [ 0.00298124-0.00024129j -0.01796575+0.00986591j  0.02314168-0.06112146j]
 [ 0.14123215-0.01776489j  0.02314168+0.06112146j  0.09464432+0.01371411j]]"
17,CENTRO23,2019/10/19,parcela 23_24,ÑIRE,200,8.2,13.0,67.0,67.0,69.345,TESTIGO,0.1346,0.0313,0.0125,0.0279,-0.0002,0.0598,0.0099,-0.0179,0.0803,22.74,0.0001,0.009,0.0046,0.0079,0.0044,0.0079,0.0075,0.0044,0.0027,0.197,22.74,20.04,27.39,2,0.11179996657709743,0.02599806057847808,0.010382612052107859,0.023173990100304742,-0.00016612179283372576,0.04967041605728399,0.008223028745269425,-0.014867900458618452,0.06669789982274088,-9.515583262830868,-13.03902202182634,-11.75887840892364,"[[ 0.07310143-0.0344501j   0.03335011+0.00789447j  0.04752042+0.02417129j]
 [-0.00268763+0.01881343j  0.02044497+0.01133992j  0.01775095-0.00025001j]
 [ 0.04401883-0.01333904j  0.02346082+0.00672773j  0.00834089+0.01954633j]]","[[ 0.17648316-0.01490377j  0.06476054-0.102339j    0.08034279+0.02067892j]
 [ 0.06476054+0.102339j   -0.01359852-0.01490377j  0.01398557+0.00165001j]
 [ 0.08034279-0.02067892j  0.01398557-0.00165001j  0.04088994+0.02267985j]]"
18,CENTRO25,2019/02/13,parcela 25_26,ÑIRE,200,8.7,40.0,201.0,209.0,216.315,,0.0918,0.0212,-0.0001,0.048,-0.0063,0.0599,0.0359,-0.0127,0.0865,29.28,0.0126,0.0035,0.0012,0.0013,0.0007,0.0029,0.0018,0.0006,0.0045,0.1426,29.28,28.57,27.55,2,0.08062331029255926,0.01861889083008994,-8.782495674570725e-05,0.042155979237939484,-0.005532972274979557,0.052607149090678644,0.0315291594717089,-0.01115376950670482,0.07596858758503677,-10.935393742271541,-12.789552330390851,-11.193659479635825,"[[ 0.00153284-0.00112946j  0.00797335-0.00525902j  0.0071071 +0.00607956j]
 [ 0.00290227-0.00431195j  0.00341157-0.02764248j -0.00593868-0.00412408j]
 [-0.01661256+0.00830628j -0.01336873+0.00638506j  0.00710462-0.01319429j]]","[[ 0.02285165-1.43237537e-02j -0.00557178-9.42950448e-05j
  -0.00763021+1.59246747e-03j]
 [-0.00557178+9.42950448e-05j -0.00557673-1.43237537e-02j
   0.03018226-1.64672190e-02j]
 [-0.00763021-1.59246747e-03j  0.03018226+1.64672190e-02j
   0.00682314-5.52849651e-02j]]"
19,CENTRO26,2019/02/13,parcela 25_26,ÑIRE,200,10.7,33.0,206.0,599.0,619.965,,0.1558,-0.0119,-0.012,0.089,-0.0263,0.0908,0.0218,0.0129,0.1495,29.31,0.0346,0.0056,0.0204,0.0283,0.0295,0.0237,0.0146,0.0188,0.0313,1.1666,29.31,27.96,27.55,4,0.13687148542130462,-0.010454240542448812,-0.010542091303309726,0.0781871771662138,-0.023104750106420484,0.07976849086171026,0.019151465867679338,0.011332748151057956,0.131336887487067,-8.636870194631516,-10.981686242786122,-8.816132801392488,"[[-0.01694716+0.00835195j -0.00572976+0.0278745j  -0.00747322-0.00536122j]
 [-0.02609872+0.01957404j -0.02599114+0.01493647j -0.0162901 -0.00910575j]
 [ 0.01775592-0.00974511j -0.00230854+0.00726761j  0.02599806-0.01038261j]]","[[-0.00589554-0.00203066j -0.04294522+0.02945701j -0.01136786+0.04969845j]
 [-0.04294522-0.02945701j  0.02399733-0.00203066j -0.00483834+0.02914254j]
 [-0.01136786-0.04969845j -0.00483834-0.02914254j -0.05198227+0.02987293j]]"
20,CENTRO28,2019/02/22,parcela 27_28,ÑIRE,200,10.2,45.0,275.0,309.0,319.815,,0.1271,-0.01,0.0003,0.0499,0.0078,0.0592,0.0017,-0.0084,0.1096,26.93,0.0224,0.0042,0.0076,0.0051,0.0083,0.0062,0.0076,0.0029,0.0075,0.5992,26.93,24.65,27.55,3,0.10920655108505414,-0.0085921755377698,0.00025776526613309394,0.0428749559334713,0.006701896919460443,0.05086567918359721,0.0014606698414208659,-0.007217427451726631,0.094170243893957,-9.617513083826385,-12.935751522137268,-10.260863047882962,"[[ 0.01861889+8.78249567e-05j -0.01045424+1.05420913e-02j
  -0.00859218-2.57765266e-04j]
 [-0.00709812+1.36951982e-02j -0.03439943-3.84514946e-02j
  -0.02541138-2.41148770e-02j]
 [ 0.00080984-2.95593195e-02j  0.03668347-4.74727203e-02j
   0.00901874-1.61987113e-02j]]","[[ 0.01045328-0.01611089j  0.00960015+0.01680207j  0.03709373-0.0522278j ]
 [ 0.00960015-0.01680207j  0.04482198-0.01611089j -0.06666278+0.08204533j]
 [ 0.03709373+0.0522278j  -0.06666278-0.08204533j -0.06879886-0.07690299j]]"
21,CENTRO27,2019/02/22,parcela 27_28,ÑIRE,200,8.5,34.0,181.0,199.0,205.965,,0.1397,-0.0085,-0.0164,0.0514,0.0064,0.0649,-0.0099,0.0343,0.134,23.46,0.0132,0.0112,0.0025,0.0122,0.0074,0.015,0.0064,0.0041,0.0158,1.5371,23.46,20.67,27.55,3,0.11665970650214492,-0.007098121011225711,-0.013695198186364903,0.04292275529141195,0.005344467584922888,0.05419624160335866,-0.008267223295427593,0.028643005962946104,0.11189979005932299,-9.330791205226607,-12.660308298364736,-9.51170728272035,"[[ 8.29572665e-03+0.00338965j -5.82314058e-03-0.00582314j
  -7.56534823e-03+0.00592071j]
 [ 7.79982597e-03+0.01390404j  2.48791244e-02-0.01773478j
   9.63902208e-05+0.01156683j]
 [-1.73878845e-03-0.00368214j  1.04877890e-02+0.0023022j
  -1.22759458e-02+0.01665408j]]","[[-0.01911092+0.02004373j  0.02057167-0.02510584j  0.00659681-0.00497937j]
 [ 0.02057167+0.02510584j  0.01115048+0.02004373j -0.02306714-0.01149096j]
 [ 0.00659681+0.00497937j -0.02306714+0.01149096j  0.04975825-0.03546956j]]"
22,CENTRO29,2019/03/21,parcela 29_30,ÑIRE,200,5.6,18.0,66.0,79.0,81.765,,0.1154,-0.0399,0.0446,0.0232,0.0029,0.0886,-0.0112,-0.0007,0.0843,27.31,0.0266,0.0098,0.01,0.0224,0.0078,0.0061,0.0086,0.0102,0.0184,1.1275,27.31,27.3,27.56,3,0.09949108687091604,-0.03439943124912955,0.038451494579227516,0.020001674310270813,0.0025002092887838516,0.07638570447801699,-0.009655980701510048,-0.000603498793844378,0.07267849760154439,-10.022158247433708,-11.169879116760326,-11.38594058938341,"[[ 0.00731129+0.02630385j -0.0048008 +0.00075802j  0.0004195 -0.00973237j]
 [ 0.00601199-0.01083851j  0.01786221-0.00296293j  0.02137262-0.0057218j ]
 [-0.00530801-0.00073496j -0.00735296+0.0010142j   0.01541984-0.00964817j]]","[[ 0.02357013+0.01665568j -0.00810854+0.05541675j -0.01718801+0.0025063j ]
 [-0.00810854-0.05541675j  0.02189213+0.01665568j  0.0036093 -0.00036229j]
 [-0.01718801-0.0025063j   0.0036093 +0.00036229j  0.03572442-0.00592585j]]"
23,CENTRO30,2019/03/21,parcela 29_30,ÑIRE,200,8.0,27.0,117.0,141.0,145.935,,0.1445,-0.0294,0.0279,0.0625,0.0074,0.0887,-0.0042,-0.0205,0.1311,27.59,0.0247,0.0044,0.0056,0.005,0.0091,0.008,0.004,0.0103,0.0137,0.4889,27.59,27.59,27.56,3,0.12489604777567545,-0.025411375810414246,0.024114877044576787,0.05402078190989423,0.006396060578131478,0.07666629368652189,-0.0036301965443448925,-0.01771881646644531,0.11331399213419414,-9.03451304270961,-11.153955315318012,-9.457164596734433,"[[-0.01781322-0.02638373j  0.00507502+0.0041889j  -0.00205538-0.00534399j]
 [-0.01286806-0.00879589j -0.00041387+0.00148992j  0.00716705-0.0030835j ]
 [ 0.01308893-0.00391834j -0.00310511+0.00017251j -0.00876215-0.00564485j]]","[[-0.03068613-0.03202858j -0.00905107-0.0100509j   0.00278587+0.00616796j]
 [-0.00905107+0.0100509j  -0.02246461-0.03202858j  0.01156844+0.00568004j]
 [ 0.00278587-0.00616796j  0.01156844-0.00568004j -0.00082773+0.00297983j]]"
24,CENTRO33,2019/03/25,parcela 33_34,ÑIRE,200,8.9,45.0,225.0,225.0,232.875,,0.11,0.001,0.0365,0.0301,-0.0342,0.0591,-0.0188,-0.0051,0.1171,18.93,0.0224,0.0039,0.0181,0.0103,0.0159,0.0349,0.0017,0.0036,0.0355,1.0139,18.93,18.79,27.57,3,0.08908288053679357,0.0008098443685163052,0.029559319450845136,0.024376315492340782,-0.027696677403257635,0.047861802179313635,-0.015225074128106537,-0.004130206279433157,0.09483277555325932,-10.50205748294844,-13.200109525718135,-10.23041538380706,"[[0.04421031+0.j 0.03257199+0.j 0.05951122+0.j]
 [0.03267129+0.j 0.06936863+0.j 0.04297296+0.j]
 [0.03439777+0.j 0.06794107+0.j 0.0594589 +0.j]]","[[ 0.22269166+0.j -0.01524859+0.j  0.14214692+0.j]
 [-0.01524859-0.j -0.01535324+0.j -0.05001943+0.j]
 [ 0.14214692-0.j -0.05001943-0.j  0.13873727+0.j]]"
25,CENTRO34,2019/03/25,parcela 33_34,ÑIRE,200,9.2,38.0,199.0,199.0,205.965,,0.1592,0.0442,0.0572,0.0833,-0.0032,0.115,0.0297,-0.0681,0.1386,22.63,0.006,0.0117,0.0024,0.012,0.0044,0.0096,0.004,0.0113,0.0369,0.6847,22.63,22.15,27.57,3,0.13212687199278902,0.036683465716590924,0.04747272033911766,0.06913422385049828,-0.0026558165224681214,0.0954434062761981,0.02464929709915725,-0.0565190953687747,0.11503005312940048,-8.790088464933795,-10.202540695414179,-9.391886796192418,"[[0.07387017+0.j 0.08037147+0.j 0.0463827 +0.j]
 [0.05991567+0.j 0.0671719 +0.j 0.07618755+0.j]
 [0.07325348+0.j 0.03813359+0.j 0.04967042+0.j]]","[[0.21630598+0.j 0.02419976+0.j 0.16759148+0.j]
 [0.02419976-0.j 0.0307752 +0.j 0.05973338+0.j]
 [0.16759148-0.j 0.05973338-0.j 0.1343438 +0.j]]"
26,CENTRO35,2019/03/29,parcela 35_36,ÑIRE,200,6.2,9.0,33.0,33.0,34.155,,0.0999,0.0103,0.0185,0.0526,-0.0197,0.0972,0.0142,-0.0271,0.1488,28.97,0.0036,0.0031,0.0054,0.0047,0.0098,0.0094,0.0018,0.0034,0.0085,0.5485,28.97,28.96,27.56,3,0.08747304122452604,0.009018741988114297,0.01619871133787519,0.046056876560661354,-0.01724943855979142,0.0851089049752145,0.012433605459342039,-0.023728923094941498,0.13029017551761232,-10.58125773851106,-10.700249971508136,-8.850883308672284,"[[0.05260715+0.j 0.07976849+0.j 0.05086568+0.j]
 [0.05419624+0.j 0.0763857 +0.j 0.07666629+0.j]
 [0.0478618 +0.j 0.09544341+0.j 0.0851089 +0.j]]","[[ 0.23944741+0.j -0.03250176+0.j  0.24778704+0.j]
 [-0.03250176-0.j  0.0359847 +0.j -0.02216768+0.j]
 [ 0.24778704-0.j -0.02216768-0.j  0.15277141+0.j]]"
27,CENTRO36,2019/03/29,parcela 35_36,ÑIRE,200,8.9,34.0,168.0,168.0,173.88,,0.1021,0.0093,-0.0038,0.044,-0.0107,0.053,-0.0052,-0.0032,0.0933,30.82,0.0048,0.005,0.0024,0.0034,0.02,0.0064,0.0033,0.0032,0.0216,0.1307,30.82,30.71,27.56,3,0.09107459039404248,0.008295726647057737,-0.003389651748260151,0.0392485991903807,-0.009544545712206214,0.04727672175204947,-0.004638470813408627,-0.0028544435774822325,0.08322487055596632,-10.406027733114884,-13.253526457976097,-10.79746871651899,"[[0.04727672+0.j 0.05577092+0.j 0.0508194 +0.j]
 [0.04629027+0.j 0.05278409+0.j 0.04058028+0.j]
 [0.03917388+0.j 0.02677371+0.j 0.06335418+0.j]]","[[ 0.21226971+0.j -0.01607746+0.j  0.11673573+0.j]
 [-0.01607746-0.j  0.00899209+0.j  0.04100826+0.j]
 [ 0.11673573-0.j  0.04100826-0.j  0.10556818+0.j]]"
28,CENTRO37,2019/04/04,parcela 37_38,ÑIRE,200,3.3,3.0,9.0,9.0,9.315,,0.1389,-0.0071,0.0071,0.0527,0.0186,0.068,0.006,0.0137,0.1205,20.93,0.0222,0.0118,0.0028,0.0105,0.0166,0.0099,0.0057,0.0026,0.0041,0.8082,20.93,17.35,27.57,4,0.11392031355205658,-0.00582314057753493,0.00582314057753493,0.04322246597691419,0.015254987991852067,0.055770923841179605,0.0049209638683393765,0.011236200832708244,0.09882935768914915,-9.43398828361884,-12.535921613932633,-10.051140271886123,"[[0.06244013+0.j 0.04859755+0.j 0.03876166+0.j]
 [0.04801123+0.j 0.0336927 +0.j 0.06319228+0.j]
 [0.06034801+0.j 0.06921924+0.j 0.07959738+0.j]]","[[ 0.21956083+0.j -0.01715725+0.j  0.16661811+0.j]
 [-0.01715725-0.j  0.06451418+0.j -0.02916347+0.j]
 [ 0.16661811-0.j -0.02916347-0.j  0.0673854 +0.j]]"
29,CENTRO38,2019/04/04,parcela 37_38,ÑIRE,200,4.1,12.0,33.0,33.0,34.155,,0.1054,-0.0092,-0.0072,0.0486,0.012,0.0618,0.007,0.0244,0.1135,21.32,0.0123,0.0024,0.0159,0.0183,0.0025,0.0089,0.0054,0.0038,0.0116,1.4896,21.32,14.42,27.57,4,0.08667257648739533,-0.0075653482322963666,-0.005920707312231939,0.03996477435756559,0.009867845520386566,0.05081940442999081,0.005756243220225496,0.02006461922478602,0.09333337221365626,-10.621182931139192,-12.939704289016312,-10.299630424613056,"[[0.05638053+0.j 0.04495015+0.j 0.02573338+0.j]
 [0.04528254+0.j 0.03335758+0.j 0.07850421+0.j]
 [0.0809513 +0.j 0.04235023+0.j 0.05762798+0.j]]","[[ 0.16547526+0.j -0.00124745+0.j  0.12346138+0.j]
 [-0.00124745-0.j  0.06254176+0.j  0.00367684+0.j]
 [ 0.12346138-0.j  0.00367684-0.j  0.06671517+0.j]]"
30,CENTRO3,2018/10/24,parcela 3_4,ÑIRE,200,12.0,12.0,328.0,330.0,341.55,RALEO,0.0943,0.0092,-0.0164,0.0196,0.015,0.0546,-0.0305,-0.0093,0.1012,25.37,0.0047,0.0063,0.0019,0.0052,0.0056,0.0089,0.0046,0.0041,0.007,0.2156,25.37,25.21,27.44,4,0.07994821623214864,0.0077998259738681595,-0.01390403760559107,0.01661702055302347,0.01271710756608939,0.04629027154056539,-0.025858118717715095,-0.007884606690975422,0.08579808571254975,-10.971912215885025,-13.345102716210935,-10.665224018220504,"[[-0.00250095+0.00129081j  0.00203575-0.00644654j -0.01438545+0.00693584j]
 [ 0.0022389 -0.00049753j -0.0014871 -0.01968215j -0.00635109-0.00791824j]
 [ 0.0023453 -0.00117265j  0.01197199-0.0062853j   0.00795041-0.00710462j]]","[[-0.02332143-0.00581381j -0.01045136-0.00547625j  0.01980994-0.01800554j]
 [-0.01045136+0.00547625j  0.03422035-0.00581381j -0.01405197-0.00022803j]
 [ 0.01980994+0.01800554j -0.01405197+0.00022803j -0.00297419-0.03936429j]]"
31,CENTRO4,2018/10/24,parcela 3_4,ÑIRE,200,9.9,36.0,194.0,221.0,228.735,TESTIGO,0.1321,0.0296,0.0211,0.0099,-0.0036,0.0628,-0.0094,0.0076,0.0859,24.3,0.0125,0.0029,0.005,0.0064,0.0091,0.0118,0.0052,0.0044,0.0064,0.9867,24.3,24.26,27.44,3,0.11103149783440383,0.024879124420123796,0.0177347812589396,0.008321058505379243,-0.003025839456501542,0.052784088296749125,-0.007900803025309584,0.006387883297058812,0.07219989147596736,-9.545538014368814,-12.774969753142125,-11.414634552201663,"[[ 0.01646064-0.00810869j -0.02702278+0.00309717j -0.01470275-0.00852922j]
 [-0.01161711+0.0142429j  -0.01054835+0.0096201j  -0.0177938 -0.00375925j]
 [ 0.01329629-0.00206464j  0.01248319-0.00983265j  0.00822303-0.0148679j ]]","[[-0.00472182-0.02297659j  0.00823761+0.02381764j -0.02056208-0.00952542j]
 [ 0.00823761-0.02381764j  0.05408916-0.02297659j -0.05586988+0.01828553j]
 [-0.02056208+0.00952542j -0.05586988-0.01828553j -0.0210967 +0.01924019j]]"
32,CENTRO41,2019/04/11,parcela 41_42,ÑIRE,200,3.2,6.0,13.0,13.0,13.455,,0.044,0.0001,-0.012,-0.0039,0.0028,0.0421,0.0018,-0.0026,0.0344,37.37,0.007,0.0061,0.0059,0.0013,0.0013,0.0053,0.0029,0.001,0.0099,0.1297,37.37,37.27,27.54,2,0.0424116971473441,9.639022078941841e-05,-0.011566826494730209,-0.0037592186107873174,0.002698926182103715,0.04058028295234515,0.001735023974209531,-0.0025061457405248784,0.03315823595155993,-13.725143484556597,-13.916849291061787,-14.79408582370317,"[[ 0.03152916-0.01115377j  0.01915147+0.01133275j  0.00146067-0.00721743j]
 [-0.00826722+0.02864301j -0.00965598-0.0006035j  -0.0036302 -0.01771882j]
 [-0.01522507-0.00413021j  0.0246493 -0.0565191j   0.01243361-0.02372892j]]","[[ 0.0468841 -0.03488269j  0.01909555+0.02701001j  0.06194363-0.06390315j]
 [ 0.01909555-0.02701001j  0.04104143-0.03488269j -0.00777511+0.095957j  ]
 [ 0.06194363+0.06390315j -0.00777511-0.095957j   -0.01931196-0.001207j  ]]"
33,CENTRO42,2019/04/11,parcela 41_42,ÑIRE,200,1.5,2.0,1.0,1.0,1.035,,0.0621,-0.0017,0.0036,0.0271,0.0004,0.0383,-0.004,0.0043,0.053,41.5,0.0044,0.0045,0.0094,0.0103,0.002,0.0074,0.0052,0.0039,0.0044,1.4517,41.5,41.3,27.54,4,0.06351691908778472,-0.0017387884452372629,0.0036821402369730267,0.027718333450546955,0.00040912669299700304,0.03917388085446304,-0.00409126692997003,0.004398111949717782,0.0542092868221029,-11.971105756883983,-14.070034018963556,-12.659263062641893,"[[-0.00463847-0.00285444j  0.00492096+0.0112362j   0.00575624+0.02006462j]
 [-0.02585812-0.00788461j -0.0079008 +0.00638788j  0.00173502-0.00250615j]
 [-0.00409127+0.00439811j  0.00315486+0.0035812j   0.001116  +0.00489321j]]","[[ 0.00799001+0.00203877j -0.00575447-0.04787689j  0.01142094+0.02095496j]
 [-0.00575447+0.04787689j -0.01503496+0.00203877j  0.00249764+0.01082581j]
 [ 0.01142094-0.02095496j  0.00249764-0.01082581j -0.01580161+0.01277577j]]"
34,CENTRO44,2018/12/05,parcela 43_44,ÑIRE,200,3.6,16.0,41.0,41.0,42.435,,0.0783,0.0123,-0.0027,0.034,0.0045,0.0314,0.0037,0.0042,0.0727,26.05,0.0302,0.0011,0.0063,0.0099,0.0072,0.0109,0.0078,0.0022,0.0161,0.3482,26.05,25.93,27.5,3,0.06676373026753724,0.01048778904585834,-0.0023021975954323182,0.028990636386925492,0.003836995992387197,0.026773705369101775,0.0031548633715183625,0.003581196259561384,0.06198880192145539,-11.754594061247746,-15.722915201095029,-12.0768675732368,"[[ 0.00470612+0.00958032j -0.00783288+0.01187566j  0.00343989-0.00738317j]
 [ 0.01574972-0.02193105j -0.00228569-0.01117446j  0.01438865+0.0108546j ]
 [ 0.00416475-0.00636961j -0.00532456+0.01250848j  0.00826986+0.01326623j]]","[[ 0.01985575+0.02284655j -0.00356374+0.01108043j -0.01860743+0.03448438j]
 [-0.00356374-0.01108043j  0.0060962 +0.02284655j -0.00354731-0.00089495j]
 [-0.01860743-0.03448438j -0.00354731+0.00089495j -0.00457137-0.02234893j]]"
35,CENTRO43,2018/12/05,parcela 43_44,ÑIRE,200,3.8,15.0,39.0,39.0,40.365,,0.1736,-0.0143,-0.0194,0.0476,-0.0129,0.0738,0.0013,0.0057,0.0878,26.83,0.0129,0.0106,0.0042,0.0135,0.0157,0.0072,0.0092,0.0019,0.0067,0.2236,26.83,26.41,27.51,4,0.14902826511606024,-0.012275945801610953,-0.016654080318269406,0.04086258882214555,-0.01107410495390079,0.0633541818292929,0.001115995072873723,0.0048932091656770935,0.07537259030639452,-8.267313542738338,-11.98224713291265,-11.227865592082043,"[[-1.73090739e-02-0.00571367j  9.66669850e-04+0.00185278j
  -1.30722258e-02-0.00871482j]
 [ 1.22979566e-02+0.01001754j -8.02899688e-03+0.01713404j
  -3.33351193e-03-0.01175063j]
 [ 3.33475988e-04-0.0059192j  -8.62530126e-05-0.00922907j
   1.68502864e-04-0.02038885j]]","[[-0.04328502-0.02610252j -0.01747758+0.03210481j  0.0012451 -0.01043165j]
 [-0.01747758-0.03210481j  0.00900388-0.02610252j  0.00148906+0.01567211j]
 [ 0.0012451 +0.01043165j  0.00148906-0.01567211j -0.01605799+0.03426809j]]"
36,CENTRO48,2019/02/18,parcela 47_48,ÑIRE,200,2.9,7.0,16.0,16.0,16.56,,0.1414,0.0087,-0.0313,0.0425,0.0142,0.0743,0.0056,0.0114,0.0871,24.28,0.0138,0.0159,0.0044,0.0202,0.0136,0.0089,0.011,0.0089,0.0079,0.8125,24.28,23.73,27.51,3,0.1188295283677903,0.007311293471002656,-0.026303848924411857,0.03571608879512792,0.011933375550372152,0.06244012699948246,0.004706119935358031,0.009580315582693136,0.07319697256601511,-9.250756265794246,-12.045362222797298,-11.355068810326419,"[[0.03743355-0.03307705j 0.03104518+0.00873676j 0.0297128 -0.00034251j]
 [0.01799408+0.00381441j 0.06910621+0.02842977j 0.02581677+0.00346423j]
 [0.01710116+0.00058633j 0.02643815+0.0020951j  0.04651834+0.00093037j]]","[[ 0.14337748-0.03214669j -0.0090848 -0.0333224j   0.0812937 +0.01531856j]
 [-0.0090848 +0.0333224j   0.02452629-0.03214669j  0.00651531+0.00939272j]
 [ 0.0812937 -0.01531856j  0.00651531-0.00939272j  0.13821241+0.05685954j]]"
37,CENTRO47,2019/02/18,parcela 47_48,ÑIRE,200,3.1,3.0,7.0,7.0,7.245,,0.1195,-0.0057,-0.0009,0.069,-0.0182,0.0577,-0.0093,0.0141,0.0858,24.56,0.0199,0.006,0.0142,0.0159,0.003,0.0052,0.0052,0.0096,0.0115,0.4997,24.56,23.77,27.51,3,0.10064831571382504,-0.004800798322751488,-0.0007580207878028664,0.05811492706488643,-0.015328864820013523,0.04859755495136155,-0.007832881473962954,0.011875659008911577,0.07226464843720662,-9.971934883591526,-13.133855804875779,-11.410741057946037,"[[0.00056761+0.00340565j 0.03964373-0.00859464j 0.02111997-0.00739199j]
 [0.04161473+0.00676339j 0.02210934+0.00852307j 0.03458514+0.00133662j]
 [0.01800367-0.j         0.01085867-0.01060217j 0.02317399+0.00016612j]]","[[ 0.06598153+0.00357177j -0.02260638+0.01802351j  0.07142118-0.02714838j]
 [-0.02260638-0.01802351j -0.01849834+0.00357177j  0.04070823+0.00283907j]
 [ 0.07142118+0.02714838j  0.04070823-0.00283907j  0.04421869+0.01704614j]]"
38,CENTRO45,2019/02/18,parcela 47_48,ÑIRE,200,4.2,17.0,45.0,45.0,46.575,,0.1081,0.0005,0.0116,0.0515,0.0082,0.0462,0.0041,-0.0088,0.0973,24.07,0.0019,0.0063,0.0064,0.0353,0.0023,0.0124,0.0175,0.0016,0.0177,0.0589,24.07,23.87,27.5,2,0.09069557963551127,0.00041949851820310486,0.00973236562231203,0.0432083473749198,0.00687977569853092,0.03876166308196688,0.00343988784926546,-0.007383173920374645,0.0816344116423242,-10.424138792760381,-14.115975976732232,-10.881267329609965,"[[0.04215598+0.00553297j 0.07818718+0.02310475j 0.04287496-0.0067019j ]
 [0.04292276-0.00534447j 0.02000167-0.00250021j 0.05402078-0.00639606j]
 [0.02437632+0.02769668j 0.06913422+0.00265582j 0.04605688+0.01724944j]]","[[ 0.17396277+0.02278241j -0.0039009 +0.00168733j  0.20834392+0.03643094j]
 [-0.0039009 -0.00168733j  0.00246294+0.02278241j  0.01280281+0.02891916j]
 [ 0.20834392-0.03643094j  0.01280281-0.02891916j  0.04000335-0.00500042j]]"
39,CENTRO46,2019/02/18,parcela 47_48,ÑIRE,200,4.9,39.0,127.0,127.0,131.445,,0.0996,0.0071,0.0128,0.0281,-0.0076,0.0567,0.0186,-0.0259,0.1162,25.22,0.0412,0.0089,0.0026,0.0438,0.0058,0.0037,0.0066,0.0164,0.0204,0.4833,25.22,24.82,27.5,3,0.08433718420598887,0.006011988030748203,0.01083851363289817,0.023793924459721765,-0.006435367469533288,0.0480112283582286,0.01574971512280515,-0.021931054929067387,0.09839338157365368,-10.739809030154333,-13.186571825462254,-10.0703411338482,"[[ 0.0392486 +0.00954455j  0.04322247-0.01525499j  0.03996477-0.00986785j]
 [ 0.01661702-0.01271711j  0.00832106+0.00302584j -0.00375922-0.00269893j]
 [ 0.02771833-0.00040913j  0.02899064-0.003837j    0.04086259+0.0110741j ]]","[[ 0.16004074+0.02061865j -0.00161399+0.01820613j  0.10212475-0.02700014j]
 [-0.00161399-0.01820613j  0.00018164+0.02061865j  0.02012685-0.01614748j]
 [ 0.10212475+0.02700014j  0.02012685+0.01614748j  0.01664212+0.00605168j]]"
40,CENTRO50,2019/03/15,parcela 49_50,ÑIRE,200,3.1,4.0,8.0,8.0,8.28,,0.1369,0.0211,0.0035,0.0559,0.0081,0.0398,-0.0027,-0.0132,0.0989,25.19,0.0087,0.0028,0.0076,0.0201,0.0074,0.0029,0.0052,0.0038,0.0064,0.3009,25.19,25.16,27.5,3,0.1158927259033528,0.017862209763044153,0.0029629257900784132,0.04732215761868094,0.006857056828467185,0.03369269898432024,-0.0022856856094890616,-0.011174462979724301,0.0837238173253586,-9.35943822010298,-14.724641980706002,-10.771509785471087,"[[0.03571609-0.01193338j 0.05811493+0.01532886j 0.04320835-0.00687978j]
 [0.02379392+0.00643537j 0.04732216-0.00685706j 0.03281623+0.01935316j]
 [0.02164035+0.00563466j 0.04175129-0.02789054j 0.03273485+0.00206746j]]","[[ 0.15486764-0.00986591j  0.00298124-0.00024129j  0.14123215-0.01776489j]
 [ 0.00298124+0.00024129j -0.01796575-0.00986591j  0.02314168+0.06112146j]
 [ 0.14123215+0.01776489j  0.02314168-0.06112146j  0.09464432-0.01371411j]]"
41,CENTRO49,2019/03/15,parcela 49_50,ÑIRE,200,4.6,2.0,6.0,6.0,6.21,,0.1126,0.0254,0.0068,0.039,-0.023,0.0751,0.0171,0.0129,0.1126,24.44,0.0136,0.0077,0.0051,0.0092,0.0064,0.0172,0.0126,0.004,0.0035,0.3927,24.44,24.38,27.5,4,0.09474634717064463,0.021372621830678274,0.005721804269630404,0.03281623036993908,-0.019353161500220484,0.06319227950724167,0.014388654854511752,0.01085459927621062,0.09474634717064463,-10.234375247288916,-11.993359782400507,-10.234375247288916,"[[ 0.07310143+0.0344501j   0.03335011-0.00789447j  0.04752042-0.02417129j]
 [-0.00268763-0.01881343j  0.02044497-0.01133992j  0.01775095+0.00025001j]
 [ 0.04401883+0.01333904j  0.02346082-0.00672773j  0.00834089-0.01954633j]]","[[ 0.17648316+0.01490377j  0.06476054+0.102339j    0.08034279-0.02067892j]
 [ 0.06476054-0.102339j   -0.01359852+0.01490377j  0.01398557-0.00165001j]
 [ 0.08034279+0.02067892j  0.01398557+0.00165001j  0.04088994-0.02267985j]]"
42,CENTRO51,2019/03/16,parcela 51_52,ÑIRE,200,3.3,3.0,7.0,7.0,7.245,,0.0957,-0.0065,0.0009,0.0265,-0.0069,0.0739,0.0051,-0.0078,0.0848,20.27,0.009,0.0095,0.0055,0.0111,0.0085,0.0066,0.0082,0.002,0.0094,1.2698,20.27,20.17,27.5,4,0.07815026295443411,-0.00530801159042656,0.000734955450982139,0.021640354945585204,-0.005634658457529733,0.06034800869731119,0.0041647475555654555,-0.006369613908511871,0.06924913582587267,-11.070695563592203,-12.193370557412383,-11.595856418793499,"[[-0.00250095-0.00129081j  0.00203575+0.00644654j -0.01438545-0.00693584j]
 [ 0.0022389 +0.00049753j -0.0014871 +0.01968215j -0.00635109+0.00791824j]
 [ 0.0023453 +0.00117265j  0.01197199+0.0062853j   0.00795041+0.00710462j]]","[[-0.02332143+0.00581381j -0.01045136+0.00547625j  0.01980994+0.01800554j]
 [-0.01045136-0.00547625j  0.03422035+0.00581381j -0.01405197+0.00022803j]
 [ 0.01980994-0.01800554j -0.01405197-0.00022803j -0.00297419+0.03936429j]]"
43,CENTRO53,2019/04/12,parcela 53_54,ÑIRE,200,3.5,4.0,9.0,9.0,9.315,,0.1401,-0.0087,-0.0012,0.0494,0.033,0.0819,-0.0063,0.0148,0.1388,24.99,0.0189,0.0137,0.0076,0.0192,0.0044,0.0119,0.0055,0.0194,0.0122,0.3668,24.99,24.85,27.5,4,0.11840800198490894,-0.007352959438035031,-0.0010142013017979351,0.041751286924015,0.027890535799443224,0.06921923884770909,-0.00532455683443916,0.012508482722174535,0.11730928390796118,-9.26618947102454,-11.5977318062781,-9.306676162693924,"[[ 0.01646064+0.00810869j -0.02702278-0.00309717j -0.01470275+0.00852922j]
 [-0.01161711-0.0142429j  -0.01054835-0.0096201j  -0.0177938 +0.00375925j]
 [ 0.01329629+0.00206464j  0.01248319+0.00983265j  0.00822303+0.0148679j ]]","[[-0.00472182+0.02297659j  0.00823761-0.02381764j -0.02056208+0.00952542j]
 [ 0.00823761+0.02381764j  0.05408916+0.02297659j -0.05586988-0.01828553j]
 [-0.02056208-0.00952542j -0.05586988+0.01828553j -0.0210967 -0.01924019j]]"
